DateTime,Entries,UniqueIPs
1532979869,22966,23567
1532980832,22966,23567
1532981793,22960,23561
1532983247,22960,23561
1532983940,22960,23561
1532984670,22958,23559
1532985628,22961,23562
1532986345,22956,23557
1532987071,22957,23558
1532987778,22959,23560
1532988514,22956,23557
1532989219,22956,23557
1532989948,22955,23556
1532990660,22953,23554
1532991384,22955,23556
1532992357,22945,23546
1532993308,22946,23547
1532994025,22943,23543
1532994756,22945,23545
1532995463,22946,23546
1532996199,22943,23543
1532997150,22944,23544
1532998096,22946,23545
1532999111,22948,23547
1533000019,22944,23543
1533000993,22941,23540
1533001972,22942,23540
1533002917,22944,23542
1533003864,22938,23535
1533004833,22942,23539
1533005784,22938,23535
1533006754,22935,23532
1533007460,22931,23529
1533008188,22924,23521
1533008901,22912,23509
1533009634,22907,23504
1533010595,22910,23507
1533011552,22915,23511
1533012261,22919,23515
1533012990,22915,23511
1533013960,22913,23509
1533014660,22913,23509
1533015398,22913,23509
1533016344,22910,23506
1533017066,22912,23508
1533017796,22912,23508
1533018500,22906,23502
1533019228,22897,23493
1533020184,22899,23495
1533021151,22904,23500
1533022110,22894,23490
1533022820,22892,23488
1533023573,22893,23489
1533024265,22894,23490
1533024985,22893,23489
1533025956,22894,23490
1533026661,22900,23496
1533027386,22897,23493
1533028354,22896,23492
1533029062,22895,23491
1533029788,22900,23496
1533030501,22902,23498
1533031243,22901,23497
1533032181,22897,23494
1533033405,22896,23493
1533034350,22898,23495
1533035066,22895,23492
1533035787,22892,23489
1533036503,22891,23488
1533037233,22890,23487
1533038196,22884,23482
1533039157,22890,23488
1533039860,22891,23489
1533040582,22893,23491
1533041549,22895,23493
1533042264,22892,23490
1533042997,22891,23489
1533043954,22887,23485
1533044918,22889,23487
1533045882,22889,23487
1533046581,22892,23490
1533047303,22899,23497
1533048266,22893,23491
1533048999,22890,23488
1533050039,22887,23485
1533050660,22887,23485
1533051382,22890,23488
1533052103,22893,23491
1533053085,22884,23482
1533054029,22885,23483
1533054773,22882,23480
1533055461,22881,23479
1533056439,22884,23482
1533057165,22886,23484
1533057852,22887,23485
1533058570,22890,23488
1533059295,22884,23482
1533060039,22883,23481
1533060758,22878,23476
1533061709,22881,23478
1533062418,22881,23478
1533063143,22878,23475
1533064116,22877,23474
1533065555,22876,23473
1533067501,22869,23466
1533068180,22869,23466
1533069154,22869,23466
1533069860,22871,23468
1533070580,22868,23465
1533071307,22869,23466
1533072025,22869,23466
1533072747,22871,23468
1533073460,22871,23469
1533074180,22876,23474
1533075154,22864,23458
1533075862,22889,23490
1533076583,22892,23508
1533077303,22900,23519
1533078027,22905,23524
1533078756,22900,23519
1533079466,22898,23517
1533080178,22901,23520
1533080910,22893,23512
1533081631,22901,23520
1533082346,22897,23518
1533083061,22900,23521
1533083787,22897,23518
1533084765,22900,23521
1533085453,22897,23518
1533086174,22900,23521
1533087156,22905,23526
1533087862,22902,23525
1533088584,22904,23527
1533089553,22906,23529
1533090261,22904,23527
1533090999,22907,23530
1533091700,22906,23529
1533092441,22910,23533
1533093383,22908,23531
1533094353,22905,23531
1533095058,22905,23531
1533095769,22904,23530
1533096488,22903,23529
1533097210,22903,23529
1533097933,22903,23529
1533098659,22902,23528
1533099368,22903,23529
1533100097,22900,23526
1533101055,22900,23526
1533102030,22904,23529
1533102993,22901,23526
1533103958,22902,23527
1533104663,22901,23526
1533105382,22903,23528
1533106351,22906,23531
1533107065,22902,23527
1533107799,22901,23526
1533108753,22901,23529
1533109463,22898,23526
1533110203,22899,23527
1533110901,22897,23525
1533111624,22901,23530
1533112348,22897,23526
1533113062,22888,23518
1533114034,22894,23525
1533114749,22897,23528
1533115467,22896,23529
1533116179,22898,23531
1533116907,22898,23531
1533117876,22893,23526
1533118583,22896,23529
1533119306,22899,23531
1533120019,22903,23535
1533120743,22901,23533
1533121713,22896,23528
1533122419,22903,23535
1533123154,22905,23537
1533124864,22909,23541
1533125542,22909,23541
1533126266,22907,23539
1533127229,22905,23537
1533127958,22907,23541
1533129387,22905,23539
1533130100,22911,23545
1533130822,22911,23545
1533131548,22916,23550
1533132267,22908,23542
1533132988,22910,23544
1533133956,22909,23543
1533134661,22911,23544
1533135388,22914,23547
1533136102,22910,23547
1533136825,22908,23545
1533137796,22912,23546
1533138501,22910,23544
1533139233,22910,23545
1533139978,22906,23541
1533140662,22898,23542
1533141386,22900,23544
1533142102,22903,23547
1533142834,22905,23549
1533143540,22906,23550
1533144263,22909,23553
1533145231,22904,23548
1533145943,22904,23548
1533146686,22902,23546
1533147625,22901,23545
1533148346,22900,23543
1533149067,22904,23547
1533149781,22902,23545
1533150505,22904,23547
1533151218,22902,23545
1533151959,22898,23541
1533152660,22892,23535
1533153386,22896,23539
1533154349,22891,23534
1533155060,22850,23463
1533156504,22852,23465
1533157238,22850,23463
1533158192,22845,23458
1533158898,22843,23456
1533159624,22836,23449
1533160344,22835,23448
1533161082,22830,23443
1533162028,22830,23442
1533162755,22833,23445
1533163460,22834,23446
1533164179,22832,23444
1533164916,22838,23449
1533166840,22836,23447
1533167540,22837,23448
1533168280,22837,23449
1533169229,22840,23452
1533169943,22834,23446
1533170671,22836,23448
1533171378,22834,23446
1533172115,22835,23447
1533173066,22841,23453
1533173779,22838,23451
1533174508,22841,23454
1533175217,22840,23453
1533175949,22832,23445
1533176659,22825,23438
1533177381,22826,23439
1533178104,22824,23437
1533178835,22821,23434
1533179794,22819,23432
1533180748,22815,23428
1533181460,22814,23427
1533182183,22818,23431
1533182902,22818,23431
1533183626,22819,23432
1533184345,22823,23436
1533185062,22819,23432
1533185778,22822,23435
1533186516,22820,23433
1533187467,22817,23430
1533188429,22818,23431
1533189140,22817,23430
1533189878,22812,23425
1533190581,22819,23432
1533191313,22820,23433
1533192269,22817,23430
1533192977,22820,23433
1533193711,22817,23430
1533194417,22816,23429
1533195151,22819,23432
1533196112,22820,23433
1533197079,22817,23430
1533198031,22818,23431
1533198993,22817,23430
1533199953,22817,23430
1533200914,22818,23431
1533201867,22819,23432
1533202580,22821,23434
1533203311,22823,23436
1533204026,22824,23437
1533204750,22818,23431
1533205462,22810,23423
1533206182,22811,23424
1533206904,22802,23415
1533207641,22803,23416
1533208358,22800,23413
1533209064,22799,23412
1533209783,22800,23413
1533210756,22800,23414
1533211714,22801,23415
1533212674,22797,23411
1533213628,22798,23412
1533214364,22802,23416
1533215078,22806,23420
1533215785,22812,23426
1533216498,22813,23427
1533217221,22812,23426
1533218185,22814,23428
1533218908,22812,23426
1533219627,22813,23427
1533220348,22816,23430
1533221064,22815,23429
1533221780,22819,23433
1533222510,22817,23431
1533223218,22814,23428
1533223945,22813,23427
1533224914,22813,23427
1533226142,22809,23423
1533226820,22807,23421
1533227546,22786,23400
1533228263,22794,23408
1533228978,22793,23407
1533229726,22795,23409
1533230421,22791,23405
1533231148,22795,23409
1533231862,22795,23409
1533232842,22795,23409
1533233785,22802,23416
1533234745,22793,23407
1533235448,22798,23412
1533236172,22800,23414
1533237139,22804,23418
1533237851,22798,23412
1533238575,22799,23413
1533239541,22796,23410
1533240253,22798,23412
1533240976,22798,23412
1533241688,22799,23413
1533242429,22799,23413
1533243384,22799,23413
1533244365,22804,23418
1533245306,22813,23427
1533246270,22809,23423
1533246978,22813,23427
1533247709,22812,23426
1533248417,22810,23423
1533249148,22812,23424
1533249867,22808,23420
1533250582,22801,23413
1533251302,22798,23410
1533252024,22798,23410
1533253723,22798,23411
1533254419,22800,23412
1533255145,22802,23414
1533255860,22802,23414
1533256582,22804,23416
1533257574,22809,23421
1533258264,22810,23422
1533258995,22813,23425
1533259954,22798,23410
1533260662,22795,23407
1533261384,22789,23401
1533262100,22793,23405
1533262826,22786,23398
1533263547,22789,23401
1533264261,22786,23398
1533265240,22782,23394
1533265932,22785,23397
1533266652,22787,23399
1533267616,22785,23397
1533268330,22783,23395
1533269066,22786,23398
1533269772,22790,23402
1533270490,22787,23398
1533271459,22783,23394
1533272417,22780,23391
1533273129,22781,23392
1533273856,22780,23391
1533274567,22782,23393
1533275299,22777,23388
1533276272,22778,23389
1533277221,22781,23392
1533277932,22778,23389
1533278652,22777,23388
1533279386,22777,23388
1533280094,22777,23388
1533281057,22778,23389
1533281769,22783,23394
1533282493,22783,23393
1533283211,22782,23391
1533283952,22783,23392
1533284660,22786,23395
1533285381,22788,23397
1533286103,22786,23395
1533286845,22784,23393
1533287798,22790,23399
1533288752,22784,23393
1533289462,22789,23398
1533290181,22791,23400
1533290902,22792,23401
1533291622,22800,23409
1533292595,22799,23408
1533293555,22800,23409
1533294263,22800,23409
1533294989,22804,23413
1533295716,22808,23416
1533296671,22814,23422
1533297661,22813,23421
1533298346,22813,23421
1533299218,22813,23421
1533300018,22813,23421
1533300726,22812,23420
1533301462,22807,23415
1533302173,22810,23418
1533302896,22812,23420
1533303859,22812,23420
1533304565,22815,23423
1533305293,22812,23420
1533306006,22819,23427
1533306735,22814,23422
1533307453,22816,23424
1533308173,22816,23424
1533308891,22816,23424
1533309610,22810,23418
1533310342,22810,23418
1533311048,22815,23423
1533311766,22812,23420
1533312513,22809,23417
1533313210,22815,23423
1533313930,22814,23423
1533314657,22812,23421
1533315631,22814,23423
1533316332,22812,23422
1533317052,22814,23424
1533317766,22812,23423
1533318495,22821,23434
1533319211,22831,23444
1533319955,22839,23452
1533320662,22846,23459
1533321389,22846,23459
1533322100,22860,23474
1533322834,22875,23489
1533323559,22885,23499
1533324261,22887,23501
1533324981,22885,23499
1533325952,22888,23502
1533326668,22881,23495
1533327388,22878,23492
1533328104,22879,23493
1533328822,22873,23487
1533329538,22872,23486
1533330272,22872,23486
1533331229,22878,23492
1533331945,22877,23491
1533332663,22880,23494
1533333642,22883,23497
1533334583,22882,23496
1533335546,22885,23499
1533336249,22891,23505
1533336978,22881,23495
1533337689,22886,23500
1533338410,22863,23472
1533339383,22861,23470
1533340089,22860,23469
1533340813,22859,23468
1533341530,22864,23473
1533342265,22861,23471
1533343227,22860,23469
1533343955,22860,23469
1533344677,22862,23471
1533345384,22863,23472
1533346102,22863,23472
1533347073,22858,23467
1533348045,22863,23472
1533348985,22862,23471
1533349956,22849,23458
1533350662,22857,23466
1533351380,22860,23469
1533352101,22858,23467
1533352824,22859,23469
1533353545,22862,23472
1533354269,22863,23473
1533354976,22868,23478
1533355711,22870,23480
1533356419,22871,23481
1533357145,22875,23485
1533357862,22876,23486
1533358582,22876,23486
1533359552,22877,23488
1533360261,22880,23491
1533360983,22879,23492
1533361958,22876,23489
1533362667,22879,23492
1533363396,22875,23488
1533364352,22879,23492
1533365059,22880,23495
1533365784,22884,23499
1533366499,22886,23501
1533367233,22889,23504
1533367943,22889,23504
1533368663,22888,23503
1533369376,22886,23501
1533370116,22882,23497
1533370818,22886,23501
1533371549,22879,23494
1533372262,22881,23496
1533372980,22885,23500
1533373955,22878,23493
1533374661,22881,23496
1533375381,22880,23495
1533376101,22880,23495
1533376845,22882,23497
1533377789,22875,23490
